(['data'], <class 'list'>, [{'Yminmax': [676.0, 13110.0], 'Magnification': [], 'ranId': 7446795949808118816, 'sumwYo': 6521319.0, 'refDelt': 1311.0, 'histTitle': '', 'Offset': [0.0, 0.0], 'Dummy': False, 'wtFactor': 1.0, 'BackFile': ['', -1.0, False], 'delOffset': 262.2, 'hId': 0, 'refOffset': -1311.0, 'Nobs': 2437, 'R': 5.163567099157785, 'wRb': 9.400157707141322, '0:0:sumInt': 394979.0156935467, '2:0:Rf^2': 9.130656533768695, '0:0:Rf^2': 13.025390135733032, 'Rb': 6.972088732132234, '1:0:Nref': 17, 'wRmin': 1.9331254664927653, '2:0:sumInt': 819355.3527928884, '0:0:Nref': 24, '2:0:Nref': 11, '2:0:Rf': 3.1298010450743803, '1:0:sumInt': 47274.00132701168, '0:0:Rf': 5.929079728826219, '1::Name': 'LiBi', 'Durbin-Watson': 0.17232802884472725, '1:0:Rf': 11.999269139869394, '2::Name': 'Li2Te', '0::Name': 'Bi', 'wR': 6.881895818952263, '1:0:Rf^2': 31.981131124349822}, masked_array(
  data=[[5.01313028, 5.039390845, 5.06565141, 5.091911975, 5.11817254,
         5.144433105, 5.17069367, 5.196954235, 5.2232148, 5.249475365,
         5.27573593, 5.301996495, 5.32825706, 5.354517625, 5.38077819,
         5.407038755, 5.43329932, 5.459559885, 5.48582045, 5.512081015,
         5.53834158, 5.564602145, 5.59086271, 5.617123275, 5.64338384,
         5.669644405, 5.69590497, 5.722165535, 5.7484261, 5.774686665,
         5.80094723, 5.827207795, 5.85346836, 5.879728925, 5.90598949,
         5.932250055, 5.95851062, 5.984771185, 6.01103175, 6.037292315,
         6.06355288, 6.089813445, 6.11607401, 6.142334575, 6.16859514,
         6.194855705, 6.22111627, 6.247376835, 6.2736374, 6.299897965,
         78.700275695, 78.72653626, 78.752796825, 78.77905739,
         78.805317955, 78.83157852, 78.857839085, 78.88409965,
         78.910360215, 78.93662078, 78.962881345, 78.98914191,
         79.015402475, 79.04166304, 79.067923605, 79.09418417,
         79.120444735, 79.1467053, 79.172965865, 79.19922643,
         79.225486995, 79.25174756, 79.278008125, 79.30426869,
         79.330529255, 79.35678982, 79.383050385, 79.40931095,
         79.435571515, 79.46183208, 79.488092645, 79.51435321,
         79.540613775, 79.56687434, 79.593134905, 79.61939547,
         79.645656035, 79.6719166, 79.698177165, 79.72443773,
         79.750698295, 79.77695886, 79.803219425, 79.82947999,
         79.855740555, 79.88200112, 79.908261685, 79.93452225,
         79.960782815, 79.98704338],
        [7358.0, 7249.0, 7439.0, 7360.0, 7572.0, 7142.0, 7399.0, 7471.0,
         7409.0, 7368.0, 7394.0, 7583.0, 7363.0, 7479.0, 7515.0, 7541.0,
         7517.0, 7503.0, 7382.0, 7458.0, 7631.0, 7627.0, 7537.0, 7616.0,
         7575.0, 7569.0, 7527.0, 7595.0, 7716.0, 7676.0, 7710.0, 7740.0,
         7652.0, 7595.0, 7705.0, 7785.0, 7775.0, 7837.0, 7859.0, 7755.0,
         7840.0, 7614.0, 7808.0, 7725.0, 7830.0, 8091.0, 7921.0, 8026.0,
         7753.0, 7849.0, 731.0, 759.0, 746.0, 714.0, 746.0, 694.0, 713.0,
         729.0, 761.0, 767.0, 777.0, 730.0, 780.0, 718.0, 814.0, 758.0,
         721.0, 833.0, 710.0, 758.0, 765.0, 758.0, 817.0, 766.0, 742.0,
         733.0, 776.0, 702.0, 750.0, 758.0, 744.0, 727.0, 748.0, 761.0,
         741.0, 760.0, 741.0, 764.0, 690.0, 700.0, 762.0, 751.0, 727.0,
         716.0, 676.0, 728.0, 742.0, 744.0, 715.0, 725.0],
        [0.0001359064963305246, 0.00013795006207752792,
         0.00013442667025137788, 0.0001358695652173913,
         0.00013206550449022716, 0.00014001680201624196,
         0.00013515339910798757, 0.0001338508901084192,
         0.00013497098123903362, 0.00013572204125950055,
         0.0001352447930754666, 0.00013187392852433074,
         0.00013581420616596497, 0.00013370771493515177,
         0.0001330671989354624, 0.00013260840737302744,
         0.00013303179459890914, 0.0001332800213248034,
         0.000135464643727987, 0.00013408420488066506,
         0.00013104442405975625, 0.0001311131506490101,
         0.00013267878466233248, 0.00013130252100840336,
         0.000132013201320132, 0.0001321178491214163,
         0.0001328550551348479, 0.00013166556945358788,
         0.00012960082944530845, 0.00013027618551328816,
         0.00012970168612191958, 0.00012919896640826872,
         0.00013068478829064296, 0.00013166556945358788,
         0.00012978585334198572, 0.00012845215157353886,
         0.00012861736334405144, 0.00012759984688018373,
         0.0001272426517368622, 0.0001289490651192779,
         0.00012755102040816328, 0.0001313370107696349,
         0.00012807377049180329, 0.00012944983818770226,
         0.0001277139208173691, 0.00012359411692003462,
         0.00012624668602449185, 0.000124595066035385,
         0.00012898232942086933, 0.00012740476493820868,
         0.0013679890560875513, 0.0013175230566534915,
         0.0013404825737265416, 0.0014005602240896359,
         0.0013404825737265416, 0.001440922190201729,
         0.001402524544179523, 0.0013717421124828531,
         0.001314060446780552, 0.001303780964797914,
         0.001287001287001287, 0.0013698630136986301,
         0.001282051282051282, 0.001392757660167131,
         0.0012285012285012285, 0.0013192612137203166,
         0.0013869625520110957, 0.0012004801920768306,
         0.0014084507042253522, 0.0013192612137203166,
         0.00130718954248366, 0.0013192612137203166,
         0.0012239902080783353, 0.0013054830287206266,
         0.0013477088948787063, 0.001364256480218281,
         0.001288659793814433, 0.0014245014245014246,
         0.0013333333333333333, 0.0013192612137203166,
         0.0013440860215053765, 0.001375515818431912,
         0.001336898395721925, 0.001314060446780552,
         0.001349527665317139, 0.0013157894736842105,
         0.001349527665317139, 0.0013089005235602095,
         0.0014492753623188406, 0.0014285714285714286,
         0.0013123359580052493, 0.0013315579227696406,
         0.001375515818431912, 0.0013966480446927375,
         0.0014792899408284023, 0.0013736263736263737,
         0.0013477088948787063, 0.0013440860215053765,
         0.0013986013986013986, 0.001379310344827586],
        [0.0, 0.0, 0.0, 0.0, 0.0, 0.0, 0.0, 0.0, 0.0, 0.0, 0.0, 0.0, 0.0,
         0.0, 0.0, 0.0, 0.0, 0.0, 0.0, 0.0, 0.0, 0.0, 0.0, 0.0, 0.0, 0.0,
         0.0, 0.0, 0.0, 0.0, 0.0, 0.0, 0.0, 0.0, 0.0, 0.0, 0.0, 0.0, 0.0,
         0.0, 0.0, 0.0, 0.0, 0.0, 0.0, 0.0, 0.0, 0.0, 0.0, 0.0,
         709.5997286073107, 709.1029294623877, 708.5782379405573,
         708.0272885607847, 707.4519965254003, 706.8547207977099,
         706.2379299834429, 705.6047695194138, 704.9585815219907,
         704.3032012474723, 703.6428129150299, 702.9821543889993,
         702.3260912256374, 701.6801998433366, 701.0504580397974,
         700.4432416291384, 699.8653231387434, 699.3240358307376,
         698.8266621094954, 698.3811747672444, 697.9957542616758,
         697.6786765462311, 697.4383659826417, 697.2833649871754,
         697.2215256851341, 697.2609168639174, 697.409029614384,
         697.6727048030298, 698.058021843899, 698.5704166630749,
         699.2137302152114, 699.9915178848023, 700.9063455819269,
         701.960105816921, 703.1544986401859, 704.4915991675516,
         705.9737523616932, 707.6053536403924, 709.3928430117667,
         711.3454655873065, 713.4759186102601, 715.8007984911965,
         718.340621221083, 721.1203201964963, 724.1689649453037,
         727.5195864581328, 731.2090615980269, 735.2778714069573,
         739.7696478010039, 744.7316603389627],
        [0.0, 0.0, 0.0, 0.0, 0.0, 0.0, 0.0, 0.0, 0.0, 0.0, 0.0, 0.0, 0.0,
         0.0, 0.0, 0.0, 0.0, 0.0, 0.0, 0.0, 0.0, 0.0, 0.0, 0.0, 0.0, 0.0,
         0.0, 0.0, 0.0, 0.0, 0.0, 0.0, 0.0, 0.0, 0.0, 0.0, 0.0, 0.0, 0.0,
         0.0, 0.0, 0.0, 0.0, 0.0, 0.0, 0.0, 0.0, 0.0, 0.0, 0.0,
         670.7069392036647, 670.337446577847, 669.9144386611879,
         669.4387849634513, 668.9115926977247, 668.3342206068337,
         667.7082931436598, 667.0357152409852, 666.3186874091625,
         665.5597217651084, 664.7616580743343, 663.9276809515432,
         663.0613370351493, 662.1665533911437, 661.2476559439674,
         660.3093888266012, 659.3569345381111, 658.3959343843162,
         657.4325097529218, 656.4732842389494, 655.5254062581807,
         654.5965724829584, 653.695052113384, 652.8297116197646,
         652.0100406743586, 651.246178586036, 650.5489416774362,
         649.9298514612019, 649.4011637456715, 648.9758984558284,
         648.6678707227111, 648.4917223379016, 648.4629548545927,
         648.5979628991336, 648.9140691254288, 649.4295599479228,
         650.1637220066041, 651.1368803530931, 652.370437014848,
         653.8869113586843, 655.7099809125066, 657.8645240031183,
         660.3766629807651, 663.2738092802465, 666.5847091972828,
         670.3394912127405, 674.5697146840394, 679.3084194846451,
         684.5901775918901, 690.4511455819011],
        [0.0, 0.0, 0.0, 0.0, 0.0, 0.0, 0.0, 0.0, 0.0, 0.0, 0.0, 0.0, 0.0,
         0.0, 0.0, 0.0, 0.0, 0.0, 0.0, 0.0, 0.0, 0.0, 0.0, 0.0, 0.0, 0.0,
         0.0, 0.0, 0.0, 0.0, 0.0, 0.0, 0.0, 0.0, 0.0, 0.0, 0.0, 0.0, 0.0,
         0.0, 0.0, 0.0, 0.0, 0.0, 0.0, 0.0, 0.0, 0.0, 0.0, 0.0,
         21.40027139268932, 49.89707053761231, 37.4217620594427,
         5.972711439215345, 38.54800347459968, -12.854720797709888,
         6.762070016557118, 23.39523048058618, 56.04141847800929,
         62.696798752527684, 73.35718708497006, 27.017845611000666,
         77.67390877436264, 16.319800156663405, 112.94954196020262,
         57.556758370861644, 21.134676861256594, 133.67596416926244,
         11.173337890504627, 59.618825232755626, 67.00424573832424,
         60.321323453768855, 119.5616340173583, 68.71663501282455,
         44.77847431486589, 35.73908313608263, 78.59097038561595,
         4.327295196970226, 51.94197815610096, 59.429583336925134,
         44.7862697847886, 27.008482115197694, 47.09365441807313,
         59.039894183079014, 37.84550135981408, 55.50840083244839,
         35.02624763830681, 56.39464635960758, -19.392843011766672,
         -11.345465587306535, 48.52408138973988, 35.199201508803526,
         8.659378778917016, -5.120320196496323, -48.16896494530374,
         0.4804135418671649, 10.790938401973108, 8.722128593042726,
         -24.769647801003885, -19.731660338962683]],
  mask=[[False, False, False, ..., False, False, False],
        [False, False, False, ..., False, False, False],
        [False, False, False, ..., False, False, False],
        [False, False, False, ..., False, False, False],
        [False, False, False, ..., False, False, False],
        [False, False, False, ..., False, False, False]],
  fill_value=1e+20), 'PWDR EBTL31.xy', 'PWDR EBTL31.xy', 'PWDR EBTL31.xy'])(['Comments'], <class 'list'>, [])(['Limits'], <class 'list'>, [(5.01313028, 79.98704338), [16.0, 79.98704338]])(['Background'], <class 'list'>, [['chebyschev', False, 20, 1263.2171992541175, -1906.534138721393, -5140.716046275852, 21251.62465953307, 209268.26320625105, -392610.17772671964, -2448292.840747804, 3774124.5436041635, 13732122.10880801, -19639699.81351938, -42398652.00079362, 58547128.54632278, 76190873.84474662, -103197800.93002099, -79172799.163993, 105998412.35855646, 44011048.66393843, -58491189.57951602, -10116111.59405536, 13379400.630661977], {'peaksList': [], 'FixedPoints': [[16.213125231255678, 6865.800865800867], [16.7513202596791, 6974.025974025974], [17.666251807998922, 7168.831168831169], [18.20444683642235, 7428.571428571428], [18.527363853476405, 7731.601731601732], [19.2808368932692, 8077.922077922079], [19.819031921692623, 8272.727272727272], [20.626324464327762, 8402.597402597403], [21.11069998990884, 8272.727272727272], [21.325978001278212, 8012.987012987013], [21.48743650980524, 7753.2467532467535], [21.595075515489928, 7406.926406926407], [21.971812035386325, 7125.5411255411245], [22.348548555282722, 6844.155844155844], [22.51000706380975, 6735.930735930736], [25.14716270308453, 4441.558441558443], [30.098556964580037, 2493.506493506494], [32.14369807258906, 2103.8961038961043], [32.68189310101248, 2060.606060606061], [35.103770728917894, 1974.0259740259744], [36.18016078576474, 1952.3809523809532], [41.723569578526025, 1584.4155844155848], [53.079484678260286, 956.7099567099567], [57.86942043122876, 1021.6450216450221], [66.58817989168824, 913.4199134199143], [69.063877022436, 891.7748917748922], [77.6749974772108, 740.2597402597412], [79.93541659658918, 653.6796536796546]], 'debyeTerms': [], 'nPeaks': 0, 'background PWDR': ['', -1.0, False], 'nDebye': 0}])(['Instrument Parameters'], <class 'list'>, [{'I(L2)/I(L1)': [0.5, 0.5, False], 'Type': ['PXC', 'PXC', False], 'Azimuth': [0.0, 0.0, False], 'Lam2': [1.5443, 1.5443, False], 'Source': ['CuKa', '?'], 'Zero': [0.0, -0.20179937671265225, True], 'Lam1': [1.5405, 1.5405, False], 'U': [2.0, 2.0, False], 'W': [5.0, 5.0, False], 'V': [-2.0, -2.0, False], 'Y': [0.0, 0.0, False], 'X': [0.0, 76.33257885515721, True], 'Z': [0.0, 0.0, False], 'SH/L': [0.002, 0.002, False], 'Bank': [1.0, 1.0, False], 'Polariz.': [0.7, 0.7, False]}, {}])(['Sample Parameters', 'SurfRoughB'], <class 'list'>, [0.0, False])(['Sample Parameters', 'SurfRoughA'], <class 'list'>, [0.0, False])(['Sample Parameters', 'Scale'], <class 'list'>, [17.97521407399195, True])(['Sample Parameters', 'Temperature'], <class 'int'>, 300)(['Sample Parameters', 'Chi'], <class 'float'>, 0.0)(['Sample Parameters', 'Time'], <class 'float'>, 0.0)(['Sample Parameters', 'Gonio. radius'], <class 'float'>, 200.0)(['Sample Parameters', 'ranId'], <class 'int'>, 7446795949808118816)(['Sample Parameters', 'Type'], <class 'str'>, 'Bragg-Brentano')(['Sample Parameters', 'Contrast'], <class 'list'>, [0.0, 0.0])(['Sample Parameters', 'Phi'], <class 'float'>, 0.0)(['Sample Parameters', 'Pressure'], <class 'float'>, 0.1)(['Sample Parameters', 'InstrName'], <class 'str'>, '')(['Sample Parameters', 'Absorption'], <class 'list'>, [0.0, False])(['Sample Parameters', 'Omega'], <class 'float'>, 0.0)(['Sample Parameters', 'Diffuse'], <class 'list'>, [])(['Sample Parameters', 'Shift'], <class 'list'>, [0.0, False])(['Sample Parameters', 'Materials'], <class 'list'>, [{'VolFrac': 1.0, 'Name': 'vacuum'}, {'VolFrac': 0.0, 'Name': 'vacuum'}])(['Sample Parameters', 'Transparency'], <class 'list'>, [0.0, False])(['Sample Parameters', 'Azimuth'], <class 'float'>, 0.0)(['Sample Parameters', 'Trans'], <class 'float'>, 1.0)(['Sample Parameters', 'SlitLen'], <class 'float'>, 0.0)(['Sample Parameters', 'FreePrm3'], <class 'float'>, 0.0)(['Sample Parameters', 'FreePrm2'], <class 'float'>, 0.0)(['Sample Parameters', 'FreePrm1'], <class 'float'>, 0.0)(['Sample Parameters', 'Thick'], <class 'float'>, 1.0)(['Sample Parameters', 'DisplaceX'], <class 'list'>, [0.0, False])(['Sample Parameters', 'DisplaceY'], <class 'list'>, [0.0, False])(['Peak List', 'peaks'], <class 'list'>, [])(['Index Peak List'], <class 'list'>, [[], []])(['Unit Cells List'], <class 'list'>, [])(['Reflection Lists', 'Bi', 'RefList'], <class 'numpy.ndarray'>, array([[ 0.00000000e+00,  0.00000000e+00,  3.00000000e+00,
         2.00000000e+00,  3.93415273e+00,  2.23794268e+01,
         4.68262700e+00,  7.98449436e+01,  1.95261661e+04,
         1.64700770e+04, -1.80000000e+02,  2.61684121e-01,
         1.00000000e+00,  1.00000000e+00,  1.00000000e+00],
       [ 1.00000000e+00,  0.00000000e+00,  1.00000000e+00,
         6.00000000e+00,  3.72261850e+00,  2.36809583e+01,
         4.66860819e+00,  8.00950677e+01,  2.02596623e+03,
         1.84213092e+03,  0.00000000e+00,  7.00216025e-01,
         1.00000000e+00,  1.00000000e+00,  1.00000000e+00],
       [ 1.00000000e+00,  0.00000000e+00, -2.00000000e+00,
         6.00000000e+00,  3.26689901e+00,  2.70727097e+01,
         4.63442118e+00,  8.08008158e+01,  1.87286994e+05,
         1.63655360e+05, -1.80000000e+02,  5.33883813e-01,
         1.00000000e+00,  1.00000000e+00,  1.00000000e+00],
       [ 1.00000000e+00,  0.00000000e+00,  4.00000000e+00,
         6.00000000e+00,  2.35804556e+00,  3.79290531e+01,
         4.54889988e+00,  8.36159086e+01,  1.35422638e+05,
         1.19044424e+05, -0.00000000e+00,  2.69156997e-01,
         1.00000000e+00,  1.00000000e+00,  1.00000000e+00],
       [ 1.00000000e+00,  1.00000000e+00,  0.00000000e+00,
         6.00000000e+00,  2.26486398e+00,  3.95625071e+01,
         4.53939479e+00,  8.41179517e+01,  1.13756403e+05,
         1.36801751e+05,  0.00000000e+00,  2.47090739e-01,
         1.00000000e+00,  1.00000000e+00,  1.00000000e+00],
       [ 1.00000000e+00,  0.00000000e+00, -5.00000000e+00,
         6.00000000e+00,  2.02256197e+00,  4.45682697e+01,
         4.51626975e+00,  8.57955368e+01,  3.93405746e+04,
         2.93342063e+04, -0.00000000e+00,  1.94215307e-01,
         1.00000000e+00,  1.00000000e+00,  1.00000000e+00],
       [ 1.00000000e+00,  1.00000000e+00,  3.00000000e+00,
         1.20000000e+01,  1.96283684e+00,  4.60081182e+01,
         4.51138286e+00,  8.63186193e+01,  1.17610905e+04,
         1.08673993e+04, -1.80000000e+02,  3.64390689e-01,
         1.00000000e+00,  1.00000000e+00,  1.00000000e+00],
       [ 0.00000000e+00,  0.00000000e+00,  6.00000000e+00,
         2.00000000e+00,  1.96707637e+00,  4.59027708e+01,
         4.51171251e+00,  8.62797117e+01,  8.87744604e+04,
         8.21183091e+04,  1.80000000e+02,  6.10117241e-02,
         1.00000000e+00,  1.00000000e+00,  1.00000000e+00],
       [ 2.00000000e+00,  0.00000000e+00, -1.00000000e+00,
         6.00000000e+00,  1.93489229e+00,  4.67151317e+01,
         4.50928622e+00,  8.65823695e+01,  1.33658789e+03,
         1.22488036e+03, -0.00000000e+00,  1.76711154e-01,
         1.00000000e+00,  1.00000000e+00,  1.00000000e+00],
       [ 2.00000000e+00,  0.00000000e+00,  2.00000000e+00,
         6.00000000e+00,  1.86130925e+00,  4.86884604e+01,
         4.50452258e+00,  8.73431408e+01,  1.09627318e+05,
         1.10954539e+05,  1.80000000e+02,  1.62700931e-01,
         1.00000000e+00,  1.00000000e+00,  1.00000000e+00],
       [ 2.00000000e+00,  0.00000000e+00, -4.00000000e+00,
         6.00000000e+00,  1.63344951e+00,  5.60678678e+01,
         4.50210852e+00,  9.05300342e+01,  8.57339738e+04,
         8.50043467e+04,  0.00000000e+00,  1.23392714e-01,
         1.00000000e+00,  1.00000000e+00,  1.00000000e+00],
       [ 1.00000000e+00,  0.00000000e+00,  7.00000000e+00,
         6.00000000e+00,  1.54904586e+00,  5.94335428e+01,
         4.51001903e+00,  9.21781177e+01,  5.78816471e+04,
         3.99622548e+04, -1.80000000e+02,  1.10474098e-01,
         1.00000000e+00,  1.00000000e+00,  1.00000000e+00],
       [ 2.00000000e+00,  0.00000000e+00,  5.00000000e+00,
         6.00000000e+00,  1.50858535e+00,  6.12028325e+01,
         4.51671952e+00,  9.30977036e+01,  2.53823984e+04,
         2.14413449e+04,  0.00000000e+00,  1.04616604e-01,
         1.00000000e+00,  1.00000000e+00,  1.00000000e+00],
       [ 1.00000000e+00,  1.00000000e+00,  6.00000000e+00,
         1.20000000e+01,  1.48513612e+00,  6.22802496e+01,
         4.52171283e+00,  9.36764712e+01,  6.21477698e+04,
         6.02682856e+04,  1.80000000e+02,  2.02650087e-01,
         1.00000000e+00,  1.00000000e+00,  1.00000000e+00],
       [ 2.00000000e+00,  1.00000000e+00,  1.00000000e+00,
         1.20000000e+01,  1.47113820e+00,  6.29428173e+01,
         4.52513936e+00,  9.40396341e+01,  9.28797451e+02,
         9.01122343e+02,  0.00000000e+00,  1.98794165e-01,
         1.00000000e+00,  1.00000000e+00,  1.00000000e+00],
       [ 2.00000000e+00,  1.00000000e+00, -2.00000000e+00,
         1.20000000e+01,  1.43800680e+00,  6.45724768e+01,
         4.53476232e+00,  9.49569500e+01,  8.38615825e+04,
         8.20839272e+04, -1.80000000e+02,  1.89892722e-01,
         1.00000000e+00,  1.00000000e+00,  1.00000000e+00],
       [ 1.00000000e+00,  0.00000000e+00, -8.00000000e+00,
         6.00000000e+00,  1.38088252e+00,  6.76051522e+01,
         4.55746509e+00,  9.67589608e+01,  5.15836638e+04,
         3.83951990e+04,  0.00000000e+00,  8.76587351e-02,
         1.00000000e+00,  1.00000000e+00,  1.00000000e+00],
       [ 2.00000000e+00,  1.00000000e+00,  4.00000000e+00,
         1.20000000e+01,  1.32483788e+00,  7.08952018e+01,
         4.58981519e+00,  9.88627097e+01,  5.60165797e+04,
         6.40545186e+04, -0.00000000e+00,  1.62030623e-01,
         1.00000000e+00,  1.00000000e+00,  1.00000000e+00],
       [ 3.00000000e+00,  0.00000000e+00,  0.00000000e+00,
         6.00000000e+00,  1.30761983e+00,  7.19770699e+01,
         4.60236622e+00,  9.95904199e+01,  7.25591103e+04,
         7.42777204e+04,  0.00000000e+00,  7.90820336e-02,
         1.00000000e+00,  1.00000000e+00,  1.00000000e+00],
       [ 0.00000000e+00,  0.00000000e+00,  9.00000000e+00,
         2.00000000e+00,  1.31138424e+00,  7.17374762e+01,
         4.59950089e+00,  9.94276724e+01,  4.49366469e+04,
         4.65816738e+04,  0.00000000e+00,  2.65000687e-02,
         1.00000000e+00,  1.00000000e+00,  1.00000000e+00],
       [ 2.00000000e+00,  0.00000000e+00, -7.00000000e+00,
         6.00000000e+00,  1.27859609e+00,  7.38848219e+01,
         4.62698721e+00,  1.00919330e+02,  3.41303408e+04,
         3.03379682e+04,  1.80000000e+02,  7.59451550e-02,
         1.00000000e+00,  1.00000000e+00,  1.00000000e+00],
       [ 2.00000000e+00,  1.00000000e+00, -5.00000000e+00,
         1.20000000e+01,  1.25555754e+00,  7.54802244e+01,
         4.65015938e+00,  1.02077230e+02,  1.54548639e+04,
         1.63382146e+04, -0.00000000e+00,  1.47139155e-01,
         1.00000000e+00,  1.00000000e+00,  1.00000000e+00],
       [ 3.00000000e+00,  0.00000000e+00, -3.00000000e+00,
         6.00000000e+00,  1.24087283e+00,  7.65374799e+01,
         4.66688819e+00,  1.02868880e+02,  7.88612160e+03,
         6.09394642e+03,  1.80000000e+02,  7.21110095e-02,
         1.00000000e+00,  1.00000000e+00,  1.00000000e+00],
       [ 3.00000000e+00,  0.00000000e+00,  3.00000000e+00,
         6.00000000e+00,  1.24087283e+00,  7.65374799e+01,
         4.66688819e+00,  1.02868880e+02,  7.88612160e+03,
         6.09394642e+03, -1.80000000e+02,  7.21110095e-02,
         1.00000000e+00,  1.00000000e+00,  1.00000000e+00]]))(['Reflection Lists', 'Bi', 'FF', 'El'], <class 'list'>, ['Bi', 'Li', 'Te', 'Li+1'])(['Reflection Lists', 'Bi', 'FF', 'FF'], <class 'numpy.ndarray'>, array([[76.29365716,  2.02041587, 46.38660791,  1.89834529],
       [75.68677442,  1.97957305, 45.90054867,  1.8869994 ],
       [74.09593015,  1.89118981, 44.64328154,  1.85522421],
       [69.18086956,  1.71175017, 40.89420367,  1.73622843],
       [68.48170979,  1.69113959, 40.37629565,  1.71661508],
       [66.40927354,  1.63107653, 38.86395923,  1.65472775],
       [65.83196792,  1.6142248 , 38.44889366,  1.63655124],
       [65.87393256,  1.61545489, 38.47897271,  1.63788542],
       [65.55143828,  1.60597785, 38.24818973,  1.6275816 ],
       [64.7784862 ,  1.58300831, 37.69851796,  1.60242453],
       [62.01347199,  1.4970741 , 35.77042355,  1.5077181 ],
       [60.81658246,  1.45783735, 34.95207277,  1.46477182],
       [60.20360514,  1.43725704, 34.53600865,  1.44238434],
       [59.83586795,  1.42475406, 34.28725104,  1.42883367],
       [59.61182322,  1.41707946, 34.13597587,  1.42053516],
       [59.0676169 ,  1.39825882, 33.769321  ,  1.40024685],
       [58.08118844,  1.36350499, 33.10707331,  1.36301632],
       [57.05045557,  1.32632259, 32.4173148 ,  1.32351538],
       [56.72061266,  1.31423909, 32.19688237,  1.31075047],
       [56.79327005,  1.31690847, 32.24543057,  1.31356739],
       [56.15004191,  1.29312734, 31.81575395,  1.28853101],
       [55.6837891 ,  1.27567996, 31.50438596,  1.27024604],
       [55.38029621,  1.26422939, 31.30170969,  1.25828325],
       [55.38029621,  1.26422939, 31.30170969,  1.25828325]]))(['Reflection Lists', 'Bi', 'Type'], <class 'str'>, 'PXC')(['Reflection Lists', 'Bi', 'Super'], <class 'bool'>, False)(['Reflection Lists', 'LiBi', 'RefList'], <class 'numpy.ndarray'>, array([[ 0.00000000e+00,  0.00000000e+00,  1.00000000e+00,
         2.00000000e+00,  4.69900988e+00,  1.86669130e+01,
         4.72531389e+00,  7.91928633e+01,  3.72111869e+03,
         5.14318729e+03,  0.00000000e+00,  1.07935019e+00,
         1.00000000e+00,  1.00000000e+00,  1.00000000e+00],
       [ 1.00000000e+00,  0.00000000e+00,  0.00000000e+00,
         4.00000000e+00,  3.11753650e+00,  2.84066051e+01,
         4.62191899e+00,  8.11001829e+01,  4.19275968e+03,
         4.46385000e+03,  0.00000000e+00,  9.23176391e-01,
         1.00000000e+00,  1.00000000e+00,  1.00000000e+00],
       [ 1.00000000e+00,  0.00000000e+00,  1.00000000e+00,
         8.00000000e+00,  2.59780294e+00,  3.42932780e+01,
         4.57332042e+00,  8.25745675e+01,  8.21339392e+03,
         4.50436385e+03, -0.00000000e+00,  1.25938195e+00,
         1.00000000e+00,  1.00000000e+00,  1.00000000e+00],
       [ 1.00000000e+00,  1.00000000e+00,  0.00000000e+00,
         4.00000000e+00,  2.20443120e+00,  4.07006483e+01,
         4.53332842e+00,  8.44806938e+01,  2.47536099e+03,
         4.04911594e+03,  0.00000000e+00,  4.44751230e-01,
         1.00000000e+00,  1.00000000e+00,  1.00000000e+00],
       [ 0.00000000e+00,  0.00000000e+00,  2.00000000e+00,
         2.00000000e+00,  2.34950494e+00,  3.80730458e+01,
         4.54802471e+00,  8.36592971e+01,  4.74358767e+03,
         4.23054096e+03, -0.00000000e+00,  2.54597383e-01,
         1.00000000e+00,  1.00000000e+00,  1.00000000e+00],
       [ 1.00000000e+00,  1.00000000e+00,  1.00000000e+00,
         8.00000000e+00,  1.99573288e+00,  4.52034675e+01,
         4.51401294e+00,  8.60239947e+01,  3.97728959e+03,
         3.38877151e+03,  0.00000000e+00,  7.19733089e-01,
         1.00000000e+00,  1.00000000e+00,  1.00000000e+00],
       [ 1.00000000e+00,  0.00000000e+00,  2.00000000e+00,
         8.00000000e+00,  1.87631919e+00,  4.82721009e+01,
         4.50539201e+00,  8.71795644e+01,  3.20078152e+03,
         3.21879002e+03,  0.00000000e+00,  6.31054800e-01,
         1.00000000e+00,  1.00000000e+00,  1.00000000e+00],
       [ 2.00000000e+00,  0.00000000e+00,  0.00000000e+00,
         4.00000000e+00,  1.55876825e+00,  5.90243362e+01,
         4.50872604e+00,  9.19707641e+01,  4.40241902e+03,
         2.96789262e+03,  0.00000000e+00,  2.13356119e-01,
         1.00000000e+00,  1.00000000e+00,  1.00000000e+00],
       [ 1.00000000e+00,  1.00000000e+00,  2.00000000e+00,
         8.00000000e+00,  1.60761005e+00,  5.70550520e+01,
         4.50379807e+00,  9.10000795e+01,  3.34877856e+03,
         3.06965786e+03, -0.00000000e+00,  4.55022552e-01,
         1.00000000e+00,  1.00000000e+00,  1.00000000e+00],
       [ 2.00000000e+00,  0.00000000e+00,  1.00000000e+00,
         8.00000000e+00,  1.47949072e+00,  6.25456755e+01,
         4.52305251e+00,  9.38212860e+01,  2.62728735e+03,
         2.52937136e+03,  0.00000000e+00,  3.83358660e-01,
         1.00000000e+00,  1.00000000e+00,  1.00000000e+00],
       [ 2.00000000e+00,  1.00000000e+00,  0.00000000e+00,
         8.00000000e+00,  1.39420471e+00,  6.68708436e+01,
         4.55137031e+00,  9.63109506e+01,  3.18232188e+03,
         2.35177397e+03,  0.00000000e+00,  3.40536998e-01,
         1.00000000e+00,  1.00000000e+00,  1.00000000e+00],
       [ 2.00000000e+00,  1.00000000e+00,  1.00000000e+00,
         1.60000000e+01,  1.33661312e+00,  7.01754357e+01,
         4.58200567e+00,  9.83886269e+01,  2.22411342e+03,
         2.45354585e+03, -0.00000000e+00,  6.28106974e-01,
         1.00000000e+00,  1.00000000e+00,  1.00000000e+00],
       [ 0.00000000e+00,  0.00000000e+00,  3.00000000e+00,
         2.00000000e+00,  1.56633663e+00,  5.87098717e+01,
         4.50779632e+00,  9.18127550e+01,  4.07049779e+03,
         2.69880406e+03,  0.00000000e+00,  1.07755219e-01,
         1.00000000e+00,  1.00000000e+00,  1.00000000e+00],
       [ 2.00000000e+00,  0.00000000e+00,  2.00000000e+00,
         8.00000000e+00,  1.29890147e+00,  7.25387321e+01,
         4.60927830e+00,  9.99755250e+01,  2.45818199e+03,
         2.35765167e+03, -0.00000000e+00,  2.97871937e-01,
         1.00000000e+00,  1.00000000e+00,  1.00000000e+00],
       [ 1.00000000e+00,  0.00000000e+00,  3.00000000e+00,
         8.00000000e+00,  1.39961231e+00,  6.65776444e+01,
         4.54904586e+00,  9.61341853e+01,  3.56599977e+03,
         2.60818541e+03, -0.00000000e+00,  3.43127937e-01,
         1.00000000e+00,  1.00000000e+00,  1.00000000e+00],
       [ 2.00000000e+00,  1.00000000e+00,  2.00000000e+00,
         1.60000000e+01,  1.19899581e+00,  7.97421126e+01,
         4.72481438e+00,  1.05393335e+02,  3.16041632e+03,
         1.90312928e+03,  0.00000000e+00,  5.20120691e-01,
         1.00000000e+00,  1.00000000e+00,  1.00000000e+00],
       [ 1.00000000e+00,  1.00000000e+00,  3.00000000e+00,
         8.00000000e+00,  1.27683866e+00,  7.40039081e+01,
         4.62863355e+00,  1.01004269e+02,  2.33727182e+03,
         2.08891368e+03,  0.00000000e+00,  2.88861827e-01,
         1.00000000e+00,  1.00000000e+00,  1.00000000e+00]]))(['Reflection Lists', 'LiBi', 'FF', 'El'], <class 'list'>, ['Bi', 'Li', 'Te', 'Li+1'])(['Reflection Lists', 'LiBi', 'FF', 'FF'], <class 'numpy.ndarray'>, array([[77.98369801,  2.16248303, 47.76049178,  1.9278721 ],
       [73.47226413,  1.86232895, 44.15666043,  1.84191785],
       [70.7781999 ,  1.76127604, 42.0916546 ,  1.77852269],
       [68.00132112,  1.67716179, 40.02267067,  1.70275967],
       [69.11877452,  1.70990199, 40.84805199,  1.7345133 ],
       [66.1535904 ,  1.6236308 , 38.67979299,  1.64672519],
       [64.94035993,  1.58785133, 37.81322852,  1.60774532],
       [60.95995226,  1.4626036 , 35.04966401,  1.46997084],
       [61.65824928,  1.48556041, 35.52665003,  1.49508276],
       [59.74592268,  1.42167819, 34.22649543,  1.42550599],
       [58.31686541,  1.37188273, 33.26506578,  1.37196347],
       [57.27240392,  1.33440326, 32.56570603,  1.33207126],
       [61.07053431,  1.46626755, 35.1250131 ,  1.473971  ],
       [56.55116023,  1.30799679, 32.08367298,  1.30416976],
       [58.41153635,  1.37523495, 33.32856803,  1.37554843],
       [54.48714369,  1.23010724, 30.70506958,  1.22280577],
       [56.11489574,  1.29181827, 31.79228176,  1.28715667]]))(['Reflection Lists', 'LiBi', 'Type'], <class 'str'>, 'PXC')(['Reflection Lists', 'LiBi', 'Super'], <class 'bool'>, False)(['Reflection Lists', 'Li2Te', 'RefList'], <class 'numpy.ndarray'>, array([[ 1.00000000e+00,  1.00000000e+00,  1.00000000e+00,
         8.00000000e+00,  3.76228489e+00,  2.34255081e+01,
         4.67132059e+00,  8.00450819e+01,  3.80682161e+04,
         3.32899390e+04, -0.00000000e+00,  4.96002988e+00,
         1.00000000e+00,  1.00000000e+00,  1.00000000e+00],
       [ 2.00000000e+00,  0.00000000e+00,  0.00000000e+00,
         6.00000000e+00,  3.25823429e+00,  2.71466489e+01,
         4.63371411e+00,  8.08170836e+01,  2.97838315e+04,
         2.61900265e+04,  0.00000000e+00,  2.75946646e+00,
         1.00000000e+00,  1.00000000e+00,  1.00000000e+00],
       [ 2.00000000e+00,  2.00000000e+00,  0.00000000e+00,
         1.20000000e+01,  2.30391956e+00,  3.88607769e+01,
         4.54336403e+00,  8.38996186e+01,  2.90533284e+04,
         2.91851151e+04, -0.00000000e+00,  2.66335703e+00,
         1.00000000e+00,  1.00000000e+00,  1.00000000e+00],
       [ 3.00000000e+00,  1.00000000e+00,  1.00000000e+00,
         2.40000000e+01,  1.96478920e+00,  4.59595426e+01,
         4.51153431e+00,  8.63006664e+01,  2.35180947e+04,
         2.17526588e+04,  0.00000000e+00,  3.79575770e+00,
         1.00000000e+00,  1.00000000e+00,  1.00000000e+00],
       [ 2.00000000e+00,  2.00000000e+00,  2.00000000e+00,
         8.00000000e+00,  1.88114244e+00,  4.81398627e+01,
         4.50568349e+00,  8.71279568e+01,  1.76065667e+04,
         1.75606912e+04,  0.00000000e+00,  1.15322242e+00,
         1.00000000e+00,  1.00000000e+00,  1.00000000e+00],
       [ 4.00000000e+00,  0.00000000e+00,  0.00000000e+00,
         6.00000000e+00,  1.62911714e+00,  5.62308824e+01,
         4.50235252e+00,  9.06069059e+01,  2.09894000e+04,
         2.10619619e+04, -0.00000000e+00,  6.37750659e-01,
         1.00000000e+00,  1.00000000e+00,  1.00000000e+00],
       [ 3.00000000e+00,  3.00000000e+00,  1.00000000e+00,
         2.40000000e+01,  1.49498042e+00,  6.18230765e+01,
         4.51950755e+00,  9.34291197e+01,  1.68636235e+04,
         1.62366169e+04, -0.00000000e+00,  2.13501460e+00,
         1.00000000e+00,  1.00000000e+00,  1.00000000e+00],
       [ 4.00000000e+00,  2.00000000e+00,  0.00000000e+00,
         2.40000000e+01,  1.45712667e+00,  6.36212127e+01,
         4.52893580e+00,  9.44172932e+01,  1.29355343e+04,
         1.32835804e+04,  0.00000000e+00,  2.02686481e+00,
         1.00000000e+00,  1.00000000e+00,  1.00000000e+00],
       [ 4.00000000e+00,  2.00000000e+00,  2.00000000e+00,
         2.40000000e+01,  1.33016858e+00,  7.05673839e+01,
         4.58620568e+00,  9.86458031e+01,  1.39009560e+04,
         1.61626201e+04, -0.00000000e+00,  1.69691857e+00,
         1.00000000e+00,  1.00000000e+00,  1.00000000e+00],
       [ 3.00000000e+00,  3.00000000e+00,  3.00000000e+00,
         8.00000000e+00,  1.25409496e+00,  7.55840769e+01,
         4.65175309e+00,  1.02154121e+02,  1.21144709e+04,
         1.27011189e+04,  0.00000000e+00,  5.08800794e-01,
         1.00000000e+00,  1.00000000e+00,  1.00000000e+00],
       [ 5.00000000e+00,  1.00000000e+00,  1.00000000e+00,
         2.40000000e+01,  1.25409496e+00,  7.55840769e+01,
         4.65175309e+00,  1.02154121e+02,  1.21144707e+04,
         1.27011189e+04, -0.00000000e+00,  1.52640238e+00,
         1.00000000e+00,  1.00000000e+00,  1.00000000e+00]]))(['Reflection Lists', 'Li2Te', 'FF', 'El'], <class 'list'>, ['Bi', 'Li', 'Te', 'Li+1'])(['Reflection Lists', 'Li2Te', 'FF', 'FF'], <class 'numpy.ndarray'>, array([[75.80621031,  1.98725475, 45.99591514,  1.88926494],
       [74.06128913,  1.8895134 , 44.61616304,  1.85449803],
       [68.78065973,  1.69990358, 40.5972775 ,  1.72508226],
       [65.85131245,  1.61479195, 38.46275747,  1.63716651],
       [64.99190686,  1.58938973, 37.84980152,  1.60943396],
       [61.95457625,  1.4951728 , 35.72995047,  1.50562986],
       [59.99139258,  1.43005612, 34.39238407,  1.43457531],
       [59.38409226,  1.40923446, 33.98241342,  1.41206759],
       [57.15129451,  1.32999894, 32.4847269 ,  1.32740598],
       [55.65378359,  1.27455116, 31.4843484 ,  1.26906543],
       [55.65378359,  1.27455116, 31.4843484 ,  1.26906543]]))(['Reflection Lists', 'Li2Te', 'Type'], <class 'str'>, 'PXC')(['Reflection Lists', 'Li2Te', 'Super'], <class 'bool'>, False)