(['data'], <class 'list'>, [{'Yminmax': [676.0, 13110.0], 'Magnification': [], 'ranId': 7446795949808118816, 'sumwYo': 6521319.0, 'refDelt': 1311.0, 'histTitle': '', 'Offset': [0.0, 0.0], 'Dummy': False, 'wtFactor': 1.0, 'BackFile': ['', -1.0, False], 'delOffset': 262.2, 'hId': 0, 'refOffset': -1311.0, '2::Name': 'Li2Te', 'wR': 12.65186184270665, 'Nobs': 2437, 'wRb': 22.683991608641048, 'wRmin': 1.9331254664927653, 'Rb': 14.084803642101496, '1:0:Rf^2': 30.170101772524955, 'R': 7.732096901580123, '0::Name': 'Bi', '2:0:Rf': 14.732252170980468, '1:0:sumInt': 148128.28327023186, '1:0:Nref': 17, '0:0:Rf^2': 22.80870186912449, '0:0:Rf': 9.981359631862011, '2:0:Rf^2': 51.42313386059504, '1::Name': 'LiBi', '0:0:Nref': 24, '0:0:sumInt': 792194.4162378671, 'Durbin-Watson': 0.0536003557048943, '1:0:Rf': 9.921573281095327, '2:0:sumInt': 239639.37083128653, '2:0:Nref': 11}, masked_array(
  data=[[5.01313028, 5.039390845, 5.06565141, 5.091911975, 5.11817254,
         5.144433105, 5.17069367, 5.196954235, 5.2232148, 5.249475365,
         5.27573593, 5.301996495, 5.32825706, 5.354517625, 5.38077819,
         5.407038755, 5.43329932, 5.459559885, 5.48582045, 5.512081015,
         5.53834158, 5.564602145, 5.59086271, 5.617123275, 5.64338384,
         5.669644405, 5.69590497, 5.722165535, 5.7484261, 5.774686665,
         5.80094723, 5.827207795, 5.85346836, 5.879728925, 5.90598949,
         5.932250055, 5.95851062, 5.984771185, 6.01103175, 6.037292315,
         6.06355288, 6.089813445, 6.11607401, 6.142334575, 6.16859514,
         6.194855705, 6.22111627, 6.247376835, 6.2736374, 6.299897965,
         78.700275695, 78.72653626, 78.752796825, 78.77905739,
         78.805317955, 78.83157852, 78.857839085, 78.88409965,
         78.910360215, 78.93662078, 78.962881345, 78.98914191,
         79.015402475, 79.04166304, 79.067923605, 79.09418417,
         79.120444735, 79.1467053, 79.172965865, 79.19922643,
         79.225486995, 79.25174756, 79.278008125, 79.30426869,
         79.330529255, 79.35678982, 79.383050385, 79.40931095,
         79.435571515, 79.46183208, 79.488092645, 79.51435321,
         79.540613775, 79.56687434, 79.593134905, 79.61939547,
         79.645656035, 79.6719166, 79.698177165, 79.72443773,
         79.750698295, 79.77695886, 79.803219425, 79.82947999,
         79.855740555, 79.88200112, 79.908261685, 79.93452225,
         79.960782815, 79.98704338],
        [7358.0, 7249.0, 7439.0, 7360.0, 7572.0, 7142.0, 7399.0, 7471.0,
         7409.0, 7368.0, 7394.0, 7583.0, 7363.0, 7479.0, 7515.0, 7541.0,
         7517.0, 7503.0, 7382.0, 7458.0, 7631.0, 7627.0, 7537.0, 7616.0,
         7575.0, 7569.0, 7527.0, 7595.0, 7716.0, 7676.0, 7710.0, 7740.0,
         7652.0, 7595.0, 7705.0, 7785.0, 7775.0, 7837.0, 7859.0, 7755.0,
         7840.0, 7614.0, 7808.0, 7725.0, 7830.0, 8091.0, 7921.0, 8026.0,
         7753.0, 7849.0, 731.0, 759.0, 746.0, 714.0, 746.0, 694.0, 713.0,
         729.0, 761.0, 767.0, 777.0, 730.0, 780.0, 718.0, 814.0, 758.0,
         721.0, 833.0, 710.0, 758.0, 765.0, 758.0, 817.0, 766.0, 742.0,
         733.0, 776.0, 702.0, 750.0, 758.0, 744.0, 727.0, 748.0, 761.0,
         741.0, 760.0, 741.0, 764.0, 690.0, 700.0, 762.0, 751.0, 727.0,
         716.0, 676.0, 728.0, 742.0, 744.0, 715.0, 725.0],
        [0.0001359064963305246, 0.00013795006207752792,
         0.00013442667025137788, 0.0001358695652173913,
         0.00013206550449022716, 0.00014001680201624196,
         0.00013515339910798757, 0.0001338508901084192,
         0.00013497098123903362, 0.00013572204125950055,
         0.0001352447930754666, 0.00013187392852433074,
         0.00013581420616596497, 0.00013370771493515177,
         0.0001330671989354624, 0.00013260840737302744,
         0.00013303179459890914, 0.0001332800213248034,
         0.000135464643727987, 0.00013408420488066506,
         0.00013104442405975625, 0.0001311131506490101,
         0.00013267878466233248, 0.00013130252100840336,
         0.000132013201320132, 0.0001321178491214163,
         0.0001328550551348479, 0.00013166556945358788,
         0.00012960082944530845, 0.00013027618551328816,
         0.00012970168612191958, 0.00012919896640826872,
         0.00013068478829064296, 0.00013166556945358788,
         0.00012978585334198572, 0.00012845215157353886,
         0.00012861736334405144, 0.00012759984688018373,
         0.0001272426517368622, 0.0001289490651192779,
         0.00012755102040816328, 0.0001313370107696349,
         0.00012807377049180329, 0.00012944983818770226,
         0.0001277139208173691, 0.00012359411692003462,
         0.00012624668602449185, 0.000124595066035385,
         0.00012898232942086933, 0.00012740476493820868,
         0.0013679890560875513, 0.0013175230566534915,
         0.0013404825737265416, 0.0014005602240896359,
         0.0013404825737265416, 0.001440922190201729,
         0.001402524544179523, 0.0013717421124828531,
         0.001314060446780552, 0.001303780964797914,
         0.001287001287001287, 0.0013698630136986301,
         0.001282051282051282, 0.001392757660167131,
         0.0012285012285012285, 0.0013192612137203166,
         0.0013869625520110957, 0.0012004801920768306,
         0.0014084507042253522, 0.0013192612137203166,
         0.00130718954248366, 0.0013192612137203166,
         0.0012239902080783353, 0.0013054830287206266,
         0.0013477088948787063, 0.001364256480218281,
         0.001288659793814433, 0.0014245014245014246,
         0.0013333333333333333, 0.0013192612137203166,
         0.0013440860215053765, 0.001375515818431912,
         0.001336898395721925, 0.001314060446780552,
         0.001349527665317139, 0.0013157894736842105,
         0.001349527665317139, 0.0013089005235602095,
         0.0014492753623188406, 0.0014285714285714286,
         0.0013123359580052493, 0.0013315579227696406,
         0.001375515818431912, 0.0013966480446927375,
         0.0014792899408284023, 0.0013736263736263737,
         0.0013477088948787063, 0.0013440860215053765,
         0.0013986013986013986, 0.001379310344827586],
        [0.0, 0.0, 0.0, 0.0, 0.0, 0.0, 0.0, 0.0, 0.0, 0.0, 0.0, 0.0, 0.0,
         0.0, 0.0, 0.0, 0.0, 0.0, 0.0, 0.0, 0.0, 0.0, 0.0, 0.0, 0.0, 0.0,
         0.0, 0.0, 0.0, 0.0, 0.0, 0.0, 0.0, 0.0, 0.0, 0.0, 0.0, 0.0, 0.0,
         0.0, 0.0, 0.0, 0.0, 0.0, 0.0, 0.0, 0.0, 0.0, 0.0, 0.0,
         738.7836736590834, 736.597801244643, 734.392156575399,
         732.1726226520259, 729.9446797387791, 727.7131462364923,
         725.4821001273231, 723.2556042284123, 721.0369311237591,
         718.8291518292972, 716.6352723779855, 714.4581027959357,
         712.3003387518111, 710.1650502879056, 708.0551778263762,
         705.9739393529599, 703.9250185796409, 701.9123477675021,
         699.9402101343148, 698.013603998872, 696.137810513319,
         694.3187475624145, 692.563003440504, 690.8777547031059,
         689.270824664447, 687.7507637479575, 686.3269358284306,
         685.0093333987752, 683.8088749457384, 682.7372588470462,
         681.8070141888456, 681.0315861122217, 680.4253829957452,
         680.0036744321696, 679.7828082371852, 679.7801054668962,
         680.0139252530644, 680.5037330203922, 681.2701508320752,
         682.3348913870868, 683.7209398753475, 685.4524901451077,
         687.555001539411, 690.0552770543727, 692.9815095070517,
         696.3632515507052, 700.2315840260708, 704.6190267782658,
         709.5597067148192, 715.0893408341799],
        [0.0, 0.0, 0.0, 0.0, 0.0, 0.0, 0.0, 0.0, 0.0, 0.0, 0.0, 0.0, 0.0,
         0.0, 0.0, 0.0, 0.0, 0.0, 0.0, 0.0, 0.0, 0.0, 0.0, 0.0, 0.0, 0.0,
         0.0, 0.0, 0.0, 0.0, 0.0, 0.0, 0.0, 0.0, 0.0, 0.0, 0.0, 0.0, 0.0,
         0.0, 0.0, 0.0, 0.0, 0.0, 0.0, 0.0, 0.0, 0.0, 0.0, 0.0,
         670.7069392036647, 670.337446577847, 669.9144386611879,
         669.4387849634513, 668.9115926977247, 668.3342206068337,
         667.7082931436598, 667.0357152409852, 666.3186874091625,
         665.5597217651084, 664.7616580743343, 663.9276809515432,
         663.0613370351493, 662.1665533911437, 661.2476559439674,
         660.3093888266012, 659.3569345381111, 658.3959343843162,
         657.4325097529218, 656.4732842389494, 655.5254062581807,
         654.5965724829584, 653.695052113384, 652.8297116197646,
         652.0100406743586, 651.246178586036, 650.5489416774362,
         649.9298514612019, 649.4011637456715, 648.9758984558284,
         648.6678707227111, 648.4917223379016, 648.4629548545927,
         648.5979628991336, 648.9140691254288, 649.4295599479228,
         650.1637220066041, 651.1368803530931, 652.370437014848,
         653.8869113586843, 655.7099809125066, 657.8645240031183,
         660.3766629807651, 663.2738092802465, 666.5847091972828,
         670.3394912127405, 674.5697146840394, 679.3084194846451,
         684.5901775918901, 690.4511455819011],
        [0.0, 0.0, 0.0, 0.0, 0.0, 0.0, 0.0, 0.0, 0.0, 0.0, 0.0, 0.0, 0.0,
         0.0, 0.0, 0.0, 0.0, 0.0, 0.0, 0.0, 0.0, 0.0, 0.0, 0.0, 0.0, 0.0,
         0.0, 0.0, 0.0, 0.0, 0.0, 0.0, 0.0, 0.0, 0.0, 0.0, 0.0, 0.0, 0.0,
         0.0, 0.0, 0.0, 0.0, 0.0, 0.0, 0.0, 0.0, 0.0, 0.0, 0.0,
         -7.7836736590834334, 22.40219875535695, 11.607843424601015,
         -18.172622652025893, 16.055320261220913, -33.71314623649232,
         -12.482100127323065, 5.744395771587733, 39.96306887624087,
         48.17084817070281, 60.36472762201447, 15.541897204064298,
         67.69966124818893, 7.834949712094385, 105.94482217362383,
         52.02606064704014, 17.07498142035911, 131.08765223249793,
         10.059789865685161, 59.986396001128014, 68.86218948668102,
         63.6812524375855, 124.43699655949604, 75.1222452968941,
         52.72917533555301, 45.249236252042465, 89.67306417156942,
         16.990666601224802, 66.19112505426165, 75.26274115295382,
         62.19298581115436, 45.9684138877783, 67.57461700425483,
         80.99632556783035, 61.217191762814764, 80.2198945331038,
         60.98607474693563, 83.49626697960775, 8.72984916792484,
         17.665108612913173, 78.27906012465246, 65.54750985489227,
         39.44499846058898, 25.94472294562729, -16.98150950705167,
         31.636748449294828, 41.76841597392922, 39.380973221734166,
         5.440293285180815, 9.910659165820107]],
  mask=[[False, False, False, ..., False, False, False],
        [False, False, False, ..., False, False, False],
        [False, False, False, ..., False, False, False],
        [False, False, False, ..., False, False, False],
        [False, False, False, ..., False, False, False],
        [False, False, False, ..., False, False, False]],
  fill_value=1e+20), 'PWDR EBTL31.xy', 'PWDR EBTL31.xy', 'PWDR EBTL31.xy', 'PWDR EBTL31.xy'])(['Comments'], <class 'list'>, [])(['Limits'], <class 'list'>, [(5.01313028, 79.98704338), [16.0, 79.98704338]])(['Background'], <class 'list'>, [['chebyschev', False, 20, 1263.2171992541175, -1906.534138721393, -5140.716046275852, 21251.62465953307, 209268.26320625105, -392610.17772671964, -2448292.840747804, 3774124.5436041635, 13732122.10880801, -19639699.81351938, -42398652.00079362, 58547128.54632278, 76190873.84474662, -103197800.93002099, -79172799.163993, 105998412.35855646, 44011048.66393843, -58491189.57951602, -10116111.59405536, 13379400.630661977], {'peaksList': [], 'FixedPoints': [[16.213125231255678, 6865.800865800867], [16.7513202596791, 6974.025974025974], [17.666251807998922, 7168.831168831169], [18.20444683642235, 7428.571428571428], [18.527363853476405, 7731.601731601732], [19.2808368932692, 8077.922077922079], [19.819031921692623, 8272.727272727272], [20.626324464327762, 8402.597402597403], [21.11069998990884, 8272.727272727272], [21.325978001278212, 8012.987012987013], [21.48743650980524, 7753.2467532467535], [21.595075515489928, 7406.926406926407], [21.971812035386325, 7125.5411255411245], [22.348548555282722, 6844.155844155844], [22.51000706380975, 6735.930735930736], [25.14716270308453, 4441.558441558443], [30.098556964580037, 2493.506493506494], [32.14369807258906, 2103.8961038961043], [32.68189310101248, 2060.606060606061], [35.103770728917894, 1974.0259740259744], [36.18016078576474, 1952.3809523809532], [41.723569578526025, 1584.4155844155848], [53.079484678260286, 956.7099567099567], [57.86942043122876, 1021.6450216450221], [66.58817989168824, 913.4199134199143], [69.063877022436, 891.7748917748922], [77.6749974772108, 740.2597402597412], [79.93541659658918, 653.6796536796546]], 'debyeTerms': [], 'nPeaks': 0, 'background PWDR': ['', -1.0, False], 'nDebye': 0}])(['Instrument Parameters'], <class 'list'>, [{'I(L2)/I(L1)': [0.5, 0.5, False], 'Type': ['PXC', 'PXC', False], 'Azimuth': [0.0, 0.0, False], 'Lam2': [1.5443, 1.5443, False], 'Source': ['CuKa', '?'], 'Zero': [0.0, -0.12893475886013822, True], 'Lam1': [1.5405, 1.5405, False], 'U': [2.0, 2.0, False], 'W': [5.0, 5.0, False], 'V': [-2.0, -2.0, False], 'Y': [0.0, 0.0, False], 'X': [0.0, 88.05107527673438, True], 'Z': [0.0, 0.0, False], 'SH/L': [0.002, 0.002, False], 'Bank': [1.0, 1.0, False], 'Polariz.': [0.7, 0.7, False]}, {}])(['Sample Parameters', 'SurfRoughB'], <class 'list'>, [0.0, False])(['Sample Parameters', 'SurfRoughA'], <class 'list'>, [0.0, False])(['Sample Parameters', 'Scale'], <class 'list'>, [4.2692200913720875, True])(['Sample Parameters', 'Temperature'], <class 'int'>, 300)(['Sample Parameters', 'Chi'], <class 'float'>, 0.0)(['Sample Parameters', 'Time'], <class 'float'>, 0.0)(['Sample Parameters', 'Gonio. radius'], <class 'float'>, 200.0)(['Sample Parameters', 'ranId'], <class 'int'>, 7446795949808118816)(['Sample Parameters', 'Type'], <class 'str'>, 'Bragg-Brentano')(['Sample Parameters', 'Contrast'], <class 'list'>, [0.0, 0.0])(['Sample Parameters', 'Phi'], <class 'float'>, 0.0)(['Sample Parameters', 'Pressure'], <class 'float'>, 0.1)(['Sample Parameters', 'InstrName'], <class 'str'>, '')(['Sample Parameters', 'Absorption'], <class 'list'>, [0.0, False])(['Sample Parameters', 'Omega'], <class 'float'>, 0.0)(['Sample Parameters', 'Diffuse'], <class 'list'>, [])(['Sample Parameters', 'Shift'], <class 'list'>, [0.0, False])(['Sample Parameters', 'Materials'], <class 'list'>, [{'VolFrac': 1.0, 'Name': 'vacuum'}, {'VolFrac': 0.0, 'Name': 'vacuum'}])(['Sample Parameters', 'Transparency'], <class 'list'>, [0.0, False])(['Sample Parameters', 'Azimuth'], <class 'float'>, 0.0)(['Sample Parameters', 'Trans'], <class 'float'>, 1.0)(['Sample Parameters', 'SlitLen'], <class 'float'>, 0.0)(['Sample Parameters', 'FreePrm3'], <class 'float'>, 0.0)(['Sample Parameters', 'FreePrm2'], <class 'float'>, 0.0)(['Sample Parameters', 'FreePrm1'], <class 'float'>, 0.0)(['Sample Parameters', 'Thick'], <class 'float'>, 1.0)(['Sample Parameters', 'DisplaceX'], <class 'list'>, [0.0, False])(['Sample Parameters', 'DisplaceY'], <class 'list'>, [0.0, False])(['Peak List', 'peaks'], <class 'list'>, [])(['Index Peak List'], <class 'list'>, [[], []])(['Unit Cells List'], <class 'list'>, [])(['Reflection Lists', 'Bi', 'RefList'], <class 'numpy.ndarray'>, array([[ 0.00000000e+00,  0.00000000e+00,  3.00000000e+00,
         2.00000000e+00,  3.95400000e+00,  2.23374651e+01,
         4.68308719e+00,  9.17817849e+01,  2.87338195e+04,
         1.64999598e+04, -1.80000000e+02,  5.22649756e-01,
         1.00000000e+00,  1.00000000e+00,  1.00000000e+00],
       [ 1.00000000e+00,  0.00000000e+00,  1.00000000e+00,
         6.00000000e+00,  3.73652808e+00,  2.36636145e+01,
         4.66879175e+00,  9.20645356e+01,  4.64936153e+03,
         1.84481816e+03,  0.00000000e+00,  1.39527970e+00,
         1.00000000e+00,  1.00000000e+00,  1.00000000e+00],
       [ 1.00000000e+00,  0.00000000e+00, -2.00000000e+00,
         6.00000000e+00,  3.28008677e+00,  2.70338102e+01,
         4.63479383e+00,  9.28446067e+01,  1.60160393e+05,
         1.63964808e+05, -1.80000000e+02,  1.06536531e+00,
         1.00000000e+00,  1.00000000e+00,  1.00000000e+00],
       [ 1.00000000e+00,  0.00000000e+00,  4.00000000e+00,
         6.00000000e+00,  2.36870223e+00,  3.78237915e+01,
         4.54954417e+00,  9.59714762e+01,  1.04219358e+05,
         1.19427857e+05, -0.00000000e+00,  5.38568462e-01,
         1.00000000e+00,  1.00000000e+00,  1.00000000e+00],
       [ 1.00000000e+00,  1.00000000e+00,  0.00000000e+00,
         6.00000000e+00,  2.27300000e+00,  3.94870710e+01,
         4.53981316e+00,  9.65446917e+01,  1.13624130e+05,
         1.37170627e+05,  0.00000000e+00,  4.93539805e-01,
         1.00000000e+00,  1.00000000e+00,  1.00000000e+00],
       [ 1.00000000e+00,  0.00000000e+00, -5.00000000e+00,
         6.00000000e+00,  2.03198329e+00,  4.44223941e+01,
         4.51681029e+00,  9.84013218e+01,  3.67239811e+04,
         2.94528102e+04, -0.00000000e+00,  3.88986526e-01,
         1.00000000e+00,  1.00000000e+00,  1.00000000e+00],
       [ 0.00000000e+00,  0.00000000e+00,  6.00000000e+00,
         2.00000000e+00,  1.97700000e+00,  4.57309700e+01,
         4.51225964e+00,  9.89343490e+01,  1.47292981e+05,
         8.24912419e+04,  1.80000000e+02,  1.22311321e-01,
         1.00000000e+00,  1.00000000e+00,  1.00000000e+00],
       [ 1.00000000e+00,  1.00000000e+00,  3.00000000e+00,
         1.20000000e+01,  1.97059647e+00,  4.58885405e+01,
         4.51175738e+00,  9.89997261e+01,  1.98984995e+04,
         1.09062146e+04, -1.80000000e+02,  7.28819452e-01,
         1.00000000e+00,  1.00000000e+00,  1.00000000e+00],
       [ 2.00000000e+00,  0.00000000e+00, -1.00000000e+00,
         6.00000000e+00,  1.94191833e+00,  4.66081401e+01,
         4.50959050e+00,  9.93015941e+01,  2.14119031e+03,
         1.22897722e+03, -0.00000000e+00,  3.53218379e-01,
         1.00000000e+00,  1.00000000e+00,  1.00000000e+00],
       [ 2.00000000e+00,  0.00000000e+00,  2.00000000e+00,
         6.00000000e+00,  1.86826404e+00,  4.85674898e+01,
         4.50476760e+00,  1.00151439e+02,  1.08936638e+05,
         1.11356778e+05,  1.80000000e+02,  3.25331378e-01,
         1.00000000e+00,  1.00000000e+00,  1.00000000e+00],
       [ 2.00000000e+00,  0.00000000e+00, -4.00000000e+00,
         6.00000000e+00,  1.64004338e+00,  5.58945115e+01,
         4.50186406e+00,  1.03714138e+02,  7.26587116e+04,
         8.54027205e+04,  0.00000000e+00,  2.46978040e-01,
         1.00000000e+00,  1.00000000e+00,  1.00000000e+00],
       [ 1.00000000e+00,  0.00000000e+00,  7.00000000e+00,
         6.00000000e+00,  1.55650909e+00,  5.91917569e+01,
         4.50924363e+00,  1.05532171e+02,  3.72093520e+04,
         4.02028824e+04, -1.80000000e+02,  2.21494487e-01,
         1.00000000e+00,  1.00000000e+00,  1.00000000e+00],
       [ 2.00000000e+00,  0.00000000e+00,  5.00000000e+00,
         6.00000000e+00,  1.51489851e+00,  6.09923323e+01,
         4.51582594e+00,  1.06586165e+02,  2.51731692e+04,
         2.15577606e+04,  0.00000000e+00,  2.09480918e-01,
         1.00000000e+00,  1.00000000e+00,  1.00000000e+00],
       [ 1.00000000e+00,  1.00000000e+00,  6.00000000e+00,
         1.20000000e+01,  1.49169969e+00,  6.20475070e+01,
         4.52057407e+00,  1.07224816e+02,  7.12612371e+04,
         6.06214766e+04,  1.80000000e+02,  4.05973682e-01,
         1.00000000e+00,  1.00000000e+00,  1.00000000e+00],
       [ 2.00000000e+00,  1.00000000e+00,  1.00000000e+00,
         1.20000000e+01,  1.47645607e+00,  6.27622137e+01,
         4.52417804e+00,  1.07666441e+02,  1.12527149e+03,
         9.05501066e+02,  0.00000000e+00,  3.97601855e-01,
         1.00000000e+00,  1.00000000e+00,  1.00000000e+00],
       [ 2.00000000e+00,  1.00000000e+00, -2.00000000e+00,
         1.20000000e+01,  1.44329630e+00,  6.43791524e+01,
         4.53352991e+00,  1.08693214e+02,  7.39650210e+04,
         8.25028915e+04, -1.80000000e+02,  3.79845886e-01,
         1.00000000e+00,  1.00000000e+00,  1.00000000e+00],
       [ 1.00000000e+00,  0.00000000e+00, -8.00000000e+00,
         6.00000000e+00,  1.38759987e+00,  6.73056071e+01,
         4.55493130e+00,  1.10653062e+02,  3.93913533e+04,
         3.86692247e+04,  0.00000000e+00,  1.75740451e-01,
         1.00000000e+00,  1.00000000e+00,  1.00000000e+00],
       [ 2.00000000e+00,  1.00000000e+00,  4.00000000e+00,
         1.20000000e+01,  1.32998437e+00,  7.06515219e+01,
         4.58712365e+00,  1.13064372e+02,  5.78062107e+04,
         6.44411943e+04, -0.00000000e+00,  3.24188117e-01,
         1.00000000e+00,  1.00000000e+00,  1.00000000e+00],
       [ 0.00000000e+00,  0.00000000e+00,  9.00000000e+00,
         2.00000000e+00,  1.31800000e+00,  7.13934505e+01,
         4.59547247e+00,  1.13625142e+02,  3.93304024e+04,
         4.69518270e+04,  0.00000000e+00,  5.31316573e-02,
         1.00000000e+00,  1.00000000e+00,  1.00000000e+00],
       [ 3.00000000e+00,  0.00000000e+00,  0.00000000e+00,
         6.00000000e+00,  1.31231716e+00,  7.17512318e+01,
         4.59966406e+00,  1.13899073e+02,  6.16164617e+04,
         7.46999019e+04,  0.00000000e+00,  1.58132624e-01,
         1.00000000e+00,  1.00000000e+00,  1.00000000e+00],
       [ 2.00000000e+00,  0.00000000e+00, -7.00000000e+00,
         6.00000000e+00,  1.28425623e+00,  7.35769871e+01,
         4.62279224e+00,  1.15333404e+02,  3.24535638e+04,
         3.05569914e+04,  1.80000000e+02,  1.52069609e-01,
         1.00000000e+00,  1.00000000e+00,  1.00000000e+00],
       [ 2.00000000e+00,  1.00000000e+00, -5.00000000e+00,
         1.20000000e+01,  1.26058304e+00,  7.51986315e+01,
         4.64589143e+00,  1.16660223e+02,  2.27787279e+04,
         1.64475391e+04, -0.00000000e+00,  2.94367726e-01,
         1.00000000e+00,  1.00000000e+00,  1.00000000e+00],
       [ 3.00000000e+00,  0.00000000e+00, -3.00000000e+00,
         6.00000000e+00,  1.24550936e+00,  7.62730035e+01,
         4.66259759e+00,  1.17567748e+02,  9.16452665e+03,
         6.13262420e+03,  1.80000000e+02,  1.44187870e-01,
         1.00000000e+00,  1.00000000e+00,  1.00000000e+00],
       [ 3.00000000e+00,  0.00000000e+00,  3.00000000e+00,
         6.00000000e+00,  1.24550936e+00,  7.62730035e+01,
         4.66259759e+00,  1.17567748e+02,  9.16452665e+03,
         6.13262420e+03, -1.80000000e+02,  1.44187870e-01,
         1.00000000e+00,  1.00000000e+00,  1.00000000e+00]]))(['Reflection Lists', 'Bi', 'Super'], <class 'bool'>, False)(['Reflection Lists', 'Bi', 'FF', 'El'], <class 'list'>, ['Bi', 'Li', 'Te', 'Li+1'])(['Reflection Lists', 'Bi', 'FF', 'FF'], <class 'numpy.ndarray'>, array([[76.34696529,  2.02422839, 46.42948099,  1.89932242],
       [75.72896607,  1.98226763, 45.93422151,  1.88780157],
       [74.14830471,  1.89374185, 44.68430291,  1.85631927],
       [69.25780811,  1.71404591, 40.95142923,  1.73834624],
       [68.54471234,  1.69298156, 40.42280838,  1.71840948],
       [66.49769163,  1.63364575, 38.92777073,  1.65747718],
       [65.97155992,  1.61831322, 38.5490052 ,  1.64098153],
       [65.90865888,  1.61647214, 38.50387449,  1.63898796],
       [65.62261992,  1.60807452, 38.29905518,  1.62986586],
       [64.85376608,  1.58526285, 37.75183803,  1.60490235],
       [62.10260748,  1.49994582, 35.83172026,  1.51087341],
       [60.92677041,  1.46150209, 35.02706741,  1.46876885],
       [60.30101997,  1.44054952, 34.60200744,  1.44595909],
       [59.9397475 ,  1.42829778, 34.35746104,  1.43267042],
       [59.6973431 ,  1.42001402, 34.19369501,  1.42370655],
       [59.15583811,  1.40132698, 33.82868835,  1.40354821],
       [58.20045902,  1.36775057, 33.18701371,  1.36754828],
       [57.14781986,  1.3298724 , 32.48240386,  1.32727201],
       [56.9202231 ,  1.32156228, 32.33026888,  1.31848246],
       [56.8112292 ,  1.31756761, 32.25743118,  1.31426322],
       [56.26276973,  1.29731934, 31.89104127,  1.29293467],
       [55.78651847,  1.27953916, 31.572988  ,  1.27428453],
       [55.4766567 ,  1.26787298, 31.36606197,  1.26208664],
       [55.4766567 ,  1.26787298, 31.36606197,  1.26208664]]))(['Reflection Lists', 'Bi', 'Type'], <class 'str'>, 'PXC')(['Reflection Lists', 'LiBi', 'RefList'], <class 'numpy.ndarray'>, array([[ 0.00000000e+00,  0.00000000e+00,  1.00000000e+00,
         2.00000000e+00,  4.25600000e+00,  2.07247356e+01,
         4.70116127e+00,  9.14559767e+01,  8.90079684e+03,
         5.00951144e+03,  0.00000000e+00,  2.67412543e+00,
         1.00000000e+00,  1.00000000e+00,  1.00000000e+00],
       [ 1.00000000e+00,  0.00000000e+00,  0.00000000e+00,
         4.00000000e+00,  3.36800000e+00,  2.63117546e+01,
         4.64179348e+00,  9.26699472e+01,  4.51768119e+03,
         4.61695481e+03,  0.00000000e+00,  3.29952080e+00,
         1.00000000e+00,  1.00000000e+00,  1.00000000e+00],
       [ 1.00000000e+00,  0.00000000e+00,  1.00000000e+00,
         8.00000000e+00,  2.64106895e+00,  3.37837896e+01,
         4.57709195e+00,  9.46836989e+01,  4.03414594e+03,
         4.54791887e+03, -0.00000000e+00,  3.97233974e+00,
         1.00000000e+00,  1.00000000e+00,  1.00000000e+00],
       [ 1.00000000e+00,  1.00000000e+00,  0.00000000e+00,
         4.00000000e+00,  2.38153564e+00,  3.76115213e+01,
         4.55085500e+00,  9.59001608e+01,  3.45762800e+03,
         4.26832566e+03,  0.00000000e+00,  1.59703071e+00,
         1.00000000e+00,  1.00000000e+00,  1.00000000e+00],
       [ 0.00000000e+00,  0.00000000e+00,  2.00000000e+00,
         2.00000000e+00,  2.12800000e+00,  4.23122448e+01,
         4.52554086e+00,  9.75783148e+01,  2.86961485e+03,
         3.94617142e+03, -0.00000000e+00,  6.28996500e-01,
         1.00000000e+00,  1.00000000e+00,  1.00000000e+00],
       [ 1.00000000e+00,  1.00000000e+00,  1.00000000e+00,
         8.00000000e+00,  2.07828385e+00,  4.33785727e+01,
         4.52091759e+00,  9.79886442e+01,  3.36817327e+03,
         3.49797648e+03,  0.00000000e+00,  2.39268259e+00,
         1.00000000e+00,  1.00000000e+00,  1.00000000e+00],
       [ 1.00000000e+00,  0.00000000e+00,  2.00000000e+00,
         8.00000000e+00,  1.79899728e+00,  5.05721452e+01,
         4.50152347e+00,  1.01064379e+02,  2.67849056e+03,
         3.10040482e+03,  0.00000000e+00,  1.76041692e+00,
         1.00000000e+00,  1.00000000e+00,  1.00000000e+00],
       [ 2.00000000e+00,  0.00000000e+00,  0.00000000e+00,
         4.00000000e+00,  1.68400000e+00,  5.43090998e+01,
         4.50033426e+00,  1.02889239e+02,  2.76788471e+03,
         3.22117596e+03,  0.00000000e+00,  7.65435636e-01,
         1.00000000e+00,  1.00000000e+00,  1.00000000e+00],
       [ 1.00000000e+00,  1.00000000e+00,  2.00000000e+00,
         8.00000000e+00,  1.58681603e+00,  5.79492151e+01,
         4.50577379e+00,  1.04830402e+02,  2.45396434e+03,
         3.02680968e+03, -0.00000000e+00,  1.35167722e+00,
         1.00000000e+00,  1.00000000e+00,  1.00000000e+00],
       [ 2.00000000e+00,  0.00000000e+00,  1.00000000e+00,
         8.00000000e+00,  1.56587826e+00,  5.88016810e+01,
         4.50806205e+00,  1.05309648e+02,  2.30470847e+03,
         2.69793925e+03,  0.00000000e+00,  1.31491582e+00,
         1.00000000e+00,  1.00000000e+00,  1.00000000e+00],
       [ 2.00000000e+00,  1.00000000e+00,  0.00000000e+00,
         8.00000000e+00,  1.50621539e+00,  6.13827939e+01,
         4.51750451e+00,  1.06820657e+02,  3.01412449e+03,
         2.58271789e+03,  0.00000000e+00,  1.21389122e+00,
         1.00000000e+00,  1.00000000e+00,  1.00000000e+00],
       [ 2.00000000e+00,  1.00000000e+00,  1.00000000e+00,
         1.60000000e+01,  1.41991697e+00,  6.55737606e+01,
         4.54154806e+00,  1.09477102e+02,  2.28650784e+03,
         2.65653380e+03, -0.00000000e+00,  2.15599520e+00,
         1.00000000e+00,  1.00000000e+00,  1.00000000e+00],
       [ 0.00000000e+00,  0.00000000e+00,  3.00000000e+00,
         2.00000000e+00,  1.41866667e+00,  6.56389857e+01,
         4.54201384e+00,  1.09520535e+02,  2.08195477e+03,
         2.40386745e+03,  0.00000000e+00,  2.69030510e-01,
         1.00000000e+00,  1.00000000e+00,  1.00000000e+00],
       [ 2.00000000e+00,  0.00000000e+00,  2.00000000e+00,
         8.00000000e+00,  1.32053448e+00,  7.12351347e+01,
         4.59365233e+00,  1.13504662e+02,  2.04600966e+03,
         2.41296260e+03, -0.00000000e+00,  9.37899189e-01,
         1.00000000e+00,  1.00000000e+00,  1.00000000e+00],
       [ 1.00000000e+00,  0.00000000e+00,  3.00000000e+00,
         8.00000000e+00,  1.30741543e+00,  7.20629938e+01,
         4.60340585e+00,  1.14139655e+02,  1.98566081e+03,
         2.37951653e+03, -0.00000000e+00,  9.20844984e-01,
         1.00000000e+00,  1.00000000e+00,  1.00000000e+00],
       [ 2.00000000e+00,  1.00000000e+00,  2.00000000e+00,
         1.60000000e+01,  1.22941320e+00,  7.74585083e+01,
         4.68239557e+00,  1.18596415e+02,  2.45791838e+03,
         1.97676651e+03,  0.00000000e+00,  1.65452265e+00,
         1.00000000e+00,  1.00000000e+00,  1.00000000e+00],
       [ 1.00000000e+00,  1.00000000e+00,  3.00000000e+00,
         8.00000000e+00,  1.21880584e+00,  7.82624506e+01,
         4.69666894e+00,  1.19310735e+02,  2.49134787e+03,
         1.95123556e+03,  0.00000000e+00,  8.15654195e-01,
         1.00000000e+00,  1.00000000e+00,  1.00000000e+00]]))(['Reflection Lists', 'LiBi', 'Super'], <class 'bool'>, False)(['Reflection Lists', 'LiBi', 'FF', 'El'], <class 'list'>, ['Bi', 'Li', 'Te', 'Li+1'])(['Reflection Lists', 'LiBi', 'FF', 'FF'], <class 'numpy.ndarray'>, array([[77.08994253,  2.08158776, 47.03010153,  1.9126239 ],
       [74.48696171,  1.91077011, 44.95014369,  1.86331774],
       [71.03919247,  1.76987346, 42.28918299,  1.78509741],
       [69.34967355,  1.71679586, 41.01981731,  1.74086432],
       [67.36054913,  1.65862306, 39.55384504,  1.68381006],
       [66.92225873,  1.64595164, 39.23507209,  1.67054855],
       [64.08188733,  1.56194789, 37.20728336,  1.57922534],
       [62.68167788,  1.51843264, 36.23123406,  1.53121771],
       [61.36534702,  1.47598326, 35.3262309 ,  1.48459273],
       [61.06386239,  1.46604679, 35.12046503,  1.4737299 ],
       [60.1668631 ,  1.43601308, 34.51112724,  1.44103442],
       [58.76197641,  1.38757819, 33.56383669,  1.38877287],
       [58.74062469,  1.3868291 , 33.54949238,  1.38796921],
       [56.96861022,  1.32333257, 32.36260828,  1.32035349],
       [56.71665878,  1.3140937 , 32.19424059,  1.3105971 ],
       [55.13999102,  1.25511074, 31.14121627,  1.24877758],
       [54.91481796,  1.24652474, 30.99080986,  1.23984385]]))(['Reflection Lists', 'LiBi', 'Type'], <class 'str'>, 'PXC')(['Reflection Lists', 'Li2Te', 'RefList'], <class 'numpy.ndarray'>, array([[ 1.00000000e+00,  1.00000000e+00,  1.00000000e+00,
         8.00000000e+00,  3.76259170e+00,  2.34964183e+01,
         4.67056574e+00,  9.20281433e+01,  8.93588798e+04,
         3.32911310e+04, -0.00000000e+00,  1.44755976e+00,
         1.00000000e+00,  1.00000000e+00,  1.00000000e+00],
       [ 2.00000000e+00,  0.00000000e+00,  0.00000000e+00,
         6.00000000e+00,  3.25850000e+00,  2.72172401e+01,
         4.63304058e+00,  9.28896393e+01,  2.57749762e+04,
         2.61911759e+04,  0.00000000e+00,  8.06020233e-01,
         1.00000000e+00,  1.00000000e+00,  1.00000000e+00],
       [ 2.00000000e+00,  2.00000000e+00,  0.00000000e+00,
         1.20000000e+01,  2.30410745e+00,  3.89303268e+01,
         4.54296291e+00,  9.63499565e+01,  3.21770230e+04,
         2.91869404e+04, -0.00000000e+00,  7.79224656e-01,
         1.00000000e+00,  1.00000000e+00,  1.00000000e+00],
       [ 3.00000000e+00,  1.00000000e+00,  1.00000000e+00,
         2.40000000e+01,  1.96494943e+00,  4.60284253e+01,
         4.51131983e+00,  9.90579821e+01,  4.01871839e+04,
         2.17542790e+04,  0.00000000e+00,  1.11122582e+00,
         1.00000000e+00,  1.00000000e+00,  1.00000000e+00],
       [ 2.00000000e+00,  2.00000000e+00,  2.00000000e+00,
         8.00000000e+00,  1.88129585e+00,  4.82085336e+01,
         4.50553121e+00,  9.99926499e+01,  1.94873498e+04,
         1.75620498e+04,  0.00000000e+00,  3.37666085e-01,
         1.00000000e+00,  1.00000000e+00,  1.00000000e+00],
       [ 4.00000000e+00,  0.00000000e+00,  0.00000000e+00,
         6.00000000e+00,  1.62925000e+00,  5.62987333e+01,
         4.50245813e+00,  1.03929474e+02,  1.94090157e+04,
         2.10639319e+04, -0.00000000e+00,  1.86833721e-01,
         1.00000000e+00,  1.00000000e+00,  1.00000000e+00],
       [ 3.00000000e+00,  3.00000000e+00,  1.00000000e+00,
         2.40000000e+01,  1.49510234e+00,  6.18903238e+01,
         4.51982388e+00,  1.07128677e+02,  1.89763226e+04,
         1.62382734e+04, -0.00000000e+00,  6.25670229e-01,
         1.00000000e+00,  1.00000000e+00,  1.00000000e+00],
       [ 4.00000000e+00,  2.00000000e+00,  0.00000000e+00,
         2.40000000e+01,  1.45724550e+00,  6.36882585e+01,
         4.52932706e+00,  1.08249739e+02,  1.47756517e+04,
         1.32849434e+04,  0.00000000e+00,  5.94035709e-01,
         1.00000000e+00,  1.00000000e+00,  1.00000000e+00],
       [ 4.00000000e+00,  2.00000000e+00,  2.00000000e+00,
         2.40000000e+01,  1.33027705e+00,  7.06336118e+01,
         4.58692776e+00,  1.13050955e+02,  1.45332854e+04,
         1.61645736e+04, -0.00000000e+00,  4.97518894e-01,
         1.00000000e+00,  1.00000000e+00,  1.00000000e+00],
       [ 3.00000000e+00,  3.00000000e+00,  3.00000000e+00,
         8.00000000e+00,  1.25419723e+00,  7.56496693e+01,
         4.65276516e+00,  1.17038401e+02,  1.83075701e+04,
         1.27027317e+04,  0.00000000e+00,  1.49213655e-01,
         1.00000000e+00,  1.00000000e+00,  1.00000000e+00],
       [ 5.00000000e+00,  1.00000000e+00,  1.00000000e+00,
         2.40000000e+01,  1.25419723e+00,  7.56496693e+01,
         4.65276516e+00,  1.17038401e+02,  1.83075704e+04,
         1.27027317e+04, -0.00000000e+00,  4.47640965e-01,
         1.00000000e+00,  1.00000000e+00,  1.00000000e+00]]))(['Reflection Lists', 'Li2Te', 'Super'], <class 'bool'>, False)(['Reflection Lists', 'Li2Te', 'FF', 'El'], <class 'list'>, ['Bi', 'Li', 'Te', 'Li+1'])(['Reflection Lists', 'Li2Te', 'FF', 'FF'], <class 'numpy.ndarray'>, array([[75.8071236 ,  1.98731414, 45.99664492,  1.8892822 ],
       [74.06235414,  1.8895648 , 44.61699663,  1.85452038],
       [68.78207688,  1.69994528, 40.59832671,  1.72512211],
       [65.85289859,  1.61483845, 38.46389436,  1.63721694],
       [64.99354265,  1.58943853, 37.85096249,  1.6094875 ],
       [61.95638626,  1.49523128, 35.73119397,  1.50569407],
       [59.99330824,  1.4301213 , 34.39367968,  1.43464593],
       [59.38603839,  1.40930169, 33.9837249 ,  1.41214009],
       [57.15334028,  1.33007344, 32.48609465,  1.32748485],
       [55.65588335,  1.27463017, 31.48575062,  1.26914806],
       [55.65588335,  1.27463017, 31.48575062,  1.26914806]]))(['Reflection Lists', 'Li2Te', 'Type'], <class 'str'>, 'PXC')